[ 431666.57363329903,
 417461.36598050693,
 406040.027499623,
 398217.88048856606,
 390616.3954418746,
 384715.827463041,
 380582.28655099135,
 377881.1007936306,
374342.96750717034,
 371278.6890311861,
 370193.1431453025,
 366589.3782920888,
 361879.15263699385,
 362837.3343844283,
 356996.0755580975,
 354075.07839734224,
 352611.1042123282,
 350633.8363874291,
 350505.78793468943,
 347917.1565316023,
 347131.3423337796,
 346746.06261378287,
 344825.1702099823,
 343536.3469687155,
 343625.5305946642,
 342288.6844147731,
341123.7787079613,
340178.7174942609,
341119.74859274534,
336641.1986878381,
339387.8283575624,
337500.1370023567,
 337142.2198350072,
 335289.06703712995,
 334871.3299004168,
 334297.2842966908,
 333674.05132641405,
 332326.7247587728,
 332437.0245692536,
331880.16055220825,
330873.60657325457,
332049.5731528634,
329901.06963585917,
330562.03110226727,
328953.3198615676,
328055.5094332436,
327862.94606415875,
327895.32358072966,
326733.3723406257,
326410.7023087632
]


